01047000
01052500
01123000
01134500
01139800
01411300
01414500
01435000
01451800
01510000
01518862
01544500
01545600
01567500
01568000
01586610
01591400
01639500
01669520
02014000
02027000
02027500
02051500
02056900
02065500
02070000
02077200
02081500
02111500
02118500
02125000
02177000
02178400
02212600
02245500
02246000
02297310
02298123
02298608
02342933
02384540
02464000
03015500
03049000
03050000
03070500
03076600
03173000
03182500
03186500
03281500
03366500
03384450
03455500
03456500
03463300
03479000
03504000
03592718
04015330
04027000
04045500
04057510
04057800
04105700
04161580
04197170
04221000
04256000
05291000
05393500
05454000
05489000
05591550
05592050
05593575
05593900
06339100
06404000
06406000
06409000
06477500
06479215
06746095
06910800
06919500
07057500
07184000
07315700
07359610
08101000
08104900
08171300
08269000
08324000
08377900
08380500
09035800
09035900
09065500
09066300
09210500
09223000
09312600
09404450
09494000
09505350
09512280
11124500
11451100
11468500
11473900
11522500
11532500
12013500
12020000
12056500
12073500
12144000
12167000
12178100
12447390
12451000
13011500
13018300
14096850
14139800
14166500
14216500
14236200
14362250
